//col 1 of seats
0 322.00 26.300
1 322.00 78.900
2 322.00 277.70
3 322.00 225.10
//col 2 of seats
4 422.00 26.300
5 422.00 78.900
6 422.00 277.70
7 422.00 225.10
8 422.00 172.50
//col 3 of seats
9 522.00 26.300
10 522.00 78.900
11 522.00 277.70
12 522.00 225.10
13 522.00 172.50
//col 4 of seats
14 623.00 26.300
15 623.00 78.900
16 623.00 277.70
17 623.00 225.10
18 623.00 172.50
//col 5 of seats
19 723.00 26.300
20 723.00 78.900
21 723.00 277.70
22 723.00 225.10
23 723.00 172.50
//col 6 of seats
24 824.00 26.300
25 824.00 78.900
26 824.00 277.70
27 824.00 225.10
28 824.00 172.50
//col 7 of seats
29 924.00 26.300
30 924.00 78.900
31 924.00 277.70
32 924.00 225.10
33 924.00 172.50
//col 8 of seats
34 1087.0 26.300
35 1087.0 78.900
36 1087.0 277.70
37 1087.0 225.10
38 1087.0 172.50
//col 9 of seats
39 1187.0 26.300
40 1187.0 78.900
41 1187.0 277.70
42 1187.0 225.10
43 1187.0 172.50
//col 10 of seats
44 1288.0 26.300
45 1288.0 78.900
46 1288.0 277.70
47 1288.0 225.10
48 1288.0 172.50
//col 11 of seats
49 1388.0 26.300
50 1388.0 78.900
51 1388.0 277.70
52 1388.0 225.10
53 1388.0 172.50
//col 12 of seats
54 1489.0 26.300
55 1489.0 78.900
56 1489.0 277.70
57 1489.0 225.10
58 1489.0 172.50
//col 13 of seats
59 1589.0 26.300
60 1589.0 78.900
61 1589.0 277.70
62 1589.0 225.10
63 1589.0 172.50
//col 14 of seats
64 1690.0 26.300
65 1690.0 78.900
66 1690.0 277.70
67 1690.0 225.10
68 1690.0 172.50
//col 15 of seats
69 1790.0 26.300
70 1790.0 78.900
71 1790.0 277.70
72 1790.0 225.10
